120D000A000441544935
120D000A000441544935
120D0049004341542B444554414C4F434B3D322C30303030303030302C30303030303030302C30303030303030302C30303030303030302C30303030303030302C3030303030303030
120D0071006B41542B444554414C4F434B3D322C303030303030303030303030303030302C303030303030303030303030303030302C303030303030303030303030303030302C303030303030303030303030303030302C303030303030303030303030303030302C3030303030303030
041300140700303030303030303000000000000413001405003030303030303030000000000000
0413001405003030303030303030000000000000
0413001407003030303030303030000000000000
04000016050030303030303030303030303030303030
04000016050030303030303030303030303030303030
0400000E05003030303030303030
0400000E07003030303030303030
060100090000555343
060100090000555343
060100090000555343
060100090000555343
060100090000555343
060100090000555343
060100090000555343
060100090000555343
